../../../../.git/annex/objects/Q3/1Z/SHA256E-s1427--71b55c8e22ce10e82d98b54351fea04ae7f2d8b562f8ae4e8e591994b4a8cb2d.csv/SHA256E-s1427--71b55c8e22ce10e82d98b54351fea04ae7f2d8b562f8ae4e8e591994b4a8cb2d.csv