../../../../.git/annex/objects/3w/qx/SHA256E-s1427--8ee798e1bfbcad6a803f987abf00062a164d7b200c15f6d3f6a491b2f3aa9547.csv/SHA256E-s1427--8ee798e1bfbcad6a803f987abf00062a164d7b200c15f6d3f6a491b2f3aa9547.csv