../../../../.git/annex/objects/Zv/1G/SHA256E-s1427--805bd7f1da7a60b148947318d33917145de1a6ad7e8ba61a8a045a20b6fab3a1.csv/SHA256E-s1427--805bd7f1da7a60b148947318d33917145de1a6ad7e8ba61a8a045a20b6fab3a1.csv