../../../../.git/annex/objects/J3/VW/SHA256E-s7504--28a614a36a7ff5cecac6419e3e05c4187d3ef78adda79871abad67bdda4dc9d1.csv/SHA256E-s7504--28a614a36a7ff5cecac6419e3e05c4187d3ef78adda79871abad67bdda4dc9d1.csv