../../../../.git/annex/objects/zX/KM/SHA256E-s1427--a45fc31015f1e73eaee43d20e76f3ea7dbe9dc3a4054984920d2debac308cd13.csv/SHA256E-s1427--a45fc31015f1e73eaee43d20e76f3ea7dbe9dc3a4054984920d2debac308cd13.csv